0.193784228961	0.128963181141	0.710365312998	0.819072473792	0.0303367269847	0.849166089384	0.836051596185	0.496053227994	0.061797732535	0.927969819679	0.586100626694	0.139676217849	0.931635151992	0.862326015077	0.654623326804	0.0698199908131	0.261412617135	0.403891293504	0.227407490356	0.551280552146	0.716157774404	0.0619202192753	0.507443939275	0.536685477091	0.857877953936	0.139852110523	0.0751081202652	0.215712624177	0.192119119045	0.0230041676232	0.55822719253	0.087972114882	
0.165697542911	0.00490323886752	0.732489371622	0.242154534735	0.581487211343	0.989858247932	0.275664373179	0.824073538263	0.839121154368	0.280035883215	0.78325208112	0.244603230868	0.148966800366	0.543029441103	0.78392569073	0.79881474555	0.165021044601	0.935397165451	0.169211218466	0.108149278728	0.862504078475	0.822489749001	0.994076606506	0.296520632961	0.313860346032	0.812797153913	0.684921105675	0.983385552218	0.474558484897	0.438296930467	0.86854837457	0.0119686699543	
0.28124829706	0.0346336967672	0.211128501426	0.323343901985	0.369406632117	0.118240424007	0.90298227975	0.427576041079	0.37325278409	0.100166521054	0.752650137687	0.838297253891	0.983467201711	0.855906280384	0.87408502547	0.603259312522	0.92304103816	0.991608471211	0.93962535172	0.545908699077	0.936955894712	0.100467530533	0.536881365839	0.550692466067	0.24535623831	0.16303333961	0.131034227061	0.073963668579	0.37110025527	0.793207100288	0.736485584027	0.455958575888	
0.881047308431	0.433578807359	0.554646898745	0.428714297353	0.406815539828	0.000825051631333	0.624559163349	0.511737954002	0.225419077152	0.485321016362	0.111873365129	0.715851820476	0.944820757293	0.69314546449	0.551554082296	0.0752173462965	0.617454790965	0.5121975835	0.545264733141	0.262906063221	0.51965854458	0.97619674461	0.00196980340532	0.398884509441	0.823230663939	0.836497106985	0.0950553838853	0.750205070026	0.377133999476	0.551536397587	0.561999664901	0.158896488139	
0.0336350754722	0.603586058255	0.614667595331	0.132073483702	0.313136466453	0.160187662907	0.448829383653	0.662583138703	0.454712211539	0.204306883352	0.38416614964	0.0292399715042	0.552327615226	0.747212762905	0.215108732882	0.130103708665	0.1582114062	0.107500263547	0.0891317500696	0.88713379957	0.44333341458	0.21680758791	0.661298961427	0.266842300379	0.055691129326	0.939891501322	0.331540780944	0.0748983469897	0.0120908811523	0.26260407701	0.676136929074	0.178790886749	
0.134950267624	0.0359860442373	0.201755875133	0.641933546365	0.380758051912	0.757254789447	0.494482826725	0.0197772199507	0.3920094771	0.124985514299	0.322283525116	0.64694722112	0.6035583191	0.695047547385	0.772925430697	0.817227953281	0.897361415027	0.70826279053	0.858047106468	0.799690069205	0.0634953155843	0.67985897885	0.66896043991	0.863635055277	0.693107676585	0.0243683073099	0.727917597512	0.92074451614	0.0502565119476	0.594156982795	0.726336436034	0.934772656084	
0.192007581713	0.88528818423	0.230603465416	0.131033184332	0.219983242097	0.781421997634	0.376261587676	0.930047300802	0.615541388234	0.144686829494	0.385632571631	0.643381589189	0.154123956968	0.318826646635	0.656231882238	0.923001054918	0.0425576164575	0.340888499516	0.0376263125627	0.115610459649	0.823406492052	0.954814837293	0.246255892613	0.911540783319	0.820944254503	0.654041710001	0.688176877198	0.762691622171	0.867949011209	0.165542710994	0.63790818945	0.499894340256	
0.515360783149	0.317848029971	0.903760606942	0.140577119939	0.986692580053	0.631163348231	0.0539748524953	0.768871481621	0.948188750107	0.673987150776	0.963739741863	0.104961825716	0.308757964027	0.106396695467	0.802799461274	0.764204802137	0.862007385494	0.332243074708	0.438210002462	0.0229220588245	0.62344148511	0.626355596757	0.00236181244043	0.701997631347	0.00225008480615	0.218667647673	0.563723499162	0.191954574943	0.121556712663	0.909824900407	0.22749649493	0.79039822914	
0.749319052475	0.571553255832	0.317919699916	0.794142169211	0.341428353406	0.491523795653	0.4287675323	0.0817630347696	0.269184939681	0.204603303086	0.113595152917	0.512991363889	0.12116612437	0.424366728865	0.592559909573	0.513204628009	0.40613487578	0.458397830348	0.52426153257	0.585950057445	0.543195764536	0.342347378626	0.490124900557	0.896739711271	0.0481035527542	0.76117052139	0.154081579926	0.515721273526	0.94036077071	0.493114005204	0.267108874632	0.576764219127	
0.71576167988	0.955529230282	0.92344424418	0.293693216484	0.184361623755	0.0368409940946	0.531977004022	0.391650892448	0.830228554179	0.652848412986	0.762429579457	0.314648283421	0.843178575472	0.157817062075	0.316435981079	0.723681646496	0.945105109563	0.726377081224	0.428618669345	0.0672025329855	0.273123537253	0.449873249365	0.11675386018	0.400204510649	0.821031377512	0.648233115792	0.758069287957	0.995100373294	0.397016166776	0.400075641886	0.990304903135	0.684181397239	
0.310881038403	0.127420843929	0.327334345165	0.990459072326	0.970890566207	0.265028734016	0.177742166092	0.362741801881	0.914657186572	0.693960125856	0.665877715442	0.815479686508	0.326210731888	0.858327051926	0.243588507419	0.176709673942	0.892976905626	0.826619948205	0.142914500284	0.892746912216	0.496132864777	0.708315789946	0.218854164054	0.630547027803	0.424662719287	0.777063996081	0.776535859176	0.5235202909	0.00940129863744	0.475368306725	0.210138619814	0.928924682516	
0.902114196373	0.0120889334547	0.258225028881	0.347694530141	0.165059854746	0.48599806021	0.329254416285	0.738711333933	0.0565160021263	0.688562187486	0.38797056924	0.729450157695	0.718686961042	0.560755834835	0.93467458515	0.766495053283	0.374717411762	0.871573472409	0.254292739143	0.882810179331	0.887232277254	0.953538059555	0.942758572295	0.145679968794	0.198969986585	0.454303282086	0.710830441801	0.0189454218732	0.368812789756	0.418544564998	0.704418543168	0.0462732299193	
0.784244023827	0.727752575723	0.425537825812	0.75241871213	0.206822676227	0.945592066942	0.943640080435	0.441975172928	0.156317938956	0.7470700832	0.397186347981	0.43615867788	0.530715231755	0.917557629259	0.429921010532	0.827781484549	0.626489343171	0.969319274827	0.878659921686	0.0527461131944	0.371383004789	0.591660305947	0.944819337272	0.335585052555	0.327854213118	0.19261339548	0.999068745102	0.527058248915	0.334855827186	0.00790965201077	0.957528585011	0.56978837145	
0.288175126779	0.67232194654	0.29559030622	0.990578146062	0.383997711328	0.771033949611	0.85437623327	0.488943020977	0.0423985829333	0.575687314603	0.817760572774	0.473591573396	0.30002718503	0.495883967001	0.618660468461	0.153674001544	0.52780765012	0.144025396511	0.884097416003	0.832340187578	0.585241910641	0.412765702712	0.813873226934	0.0881403639193	0.6461959239	0.628563987905	0.558770806852	0.783741858184	0.398128536277	0.865495737575	0.57815137675	0.732746227885	
0.584571356308	0.125678692587	0.79775979733	0.387019061949	0.349792194029	0.730185860887	0.783957544001	0.714500434406	0.456076963893	0.894351003637	0.0901192406123	0.753540163713	0.380054046371	0.166531128113	0.590381900964	0.279714554655	0.15529297117	0.226981853889	0.69267311046	0.0127577143688	0.269455181107	0.953606936275	0.55447444344	0.942991582095	0.473364104414	0.851586683774	0.739321355126	0.768562230069	0.965528375959	0.685938877914	0.663208710313	0.272831008478	
0.589291878061	0.539301657135	0.149423226062	0.575001008527	0.646345540941	0.63863598897	0.943273114456	0.122938533941	0.357579858941	0.729392261283	0.166573755656	0.120390746989	0.17922770588	0.630095918296	0.576015965484	0.467007185216	0.16455306269	0.179710111872	0.552293349359	0.70551374305	0.299573721639	0.714932815117	0.0929788300178	0.860496363231	0.0476173772723	0.658481041181	0.148940060119	0.105950522898	0.129766017922	0.181165498431	0.67506794873	0.921076598569	
0.907329877023	0.769232164685	0.60645270757	0.58856219774	0.952981027784	0.162950415273	0.603316297368	0.256695078505	0.143304304774	0.228868939832	0.880706128971	0.960907437665	0.491877501235	0.797765344677	0.879654535943	0.796411834797	0.532747086796	0.757846289905	0.578330702835	0.0205686893819	0.0631594316558	0.12220728967	0.552289685146	0.193145823171	0.794157420811	0.833406825181	0.58437611135	0.393260360021	0.311488140052	0.759868904071	0.344612707808	0.295002160354	
0.841889629084	0.60154422598	0.124568549151	0.361240278662	0.697144473898	0.472353674366	0.719892165608	0.792894432916	0.597788334142	0.48931816327	0.81682268614	0.334824972386	0.507123065783	0.0947966883297	0.781973681749	0.0547691234043	0.436502216252	0.378924684	0.967823542662	0.754597558145	0.357538329416	0.668336032839	0.352499361474	0.198011810443	0.527670250613	0.439231329399	0.387094711651	0.276061323485	0.537544232713	0.0964301719266	0.521678197802	0.925877616352	
0.321198033489	0.326309951347	0.378242341779	0.287535324257	0.977378760939	0.218067042075	0.70321707842	0.844336162427	0.586639019841	0.87549064384	0.962532411604	0.125640387776	0.0199942707432	0.535470448715	0.693141187057	0.833007014793	0.353062617818	0.406920989563	0.118584531005	0.813782412949	0.683492749403	0.427758315106	0.161858090487	0.187658918128	0.921947905911	0.0186411344737	0.252914819434	0.883156684851	0.530779095671	0.476404810596	0.252402951049	0.497807828818	
0.617144931494	0.393695504764	0.464731755271	0.0141314092339	0.438273283868	0.0775098422941	0.636805874221	0.19786844429	0.0391495350724	0.806179212077	0.696735590969	0.186903389422	0.267142694019	0.587003838332	0.345366449058	0.0452449563481	0.61321136592	0.900002211233	0.355403863675	0.34607971029	0.375447539386	0.951821873112	0.166264553961	0.92603979314	0.161544090087	0.431232029024	0.263607120711	0.18324622461	0.656695969818	0.562666504221	0.722533409121	0.52959457202	
0.747287203675	0.888664564096	0.62272648712	0.937426042852	0.142214932694	0.0681793438582	0.160072075208	0.219651821397	0.177315572687	0.875696335563	0.814947052204	0.938964781113	0.452833370177	0.237855475053	0.118916750252	0.407673051417	0.602042074108	0.201865923502	0.26577466651	0.355660971751	0.619990110583	0.875969800959	0.943617923033	0.102637195349	0.603246708747	0.110550025849	0.470155623629	0.229652721849	0.602492366168	0.147833532258	0.849134079244	0.0362843080678	
0.0465202861	0.53614278018	0.0718015995478	0.504947061207	0.652449434646	0.909806379604	0.490341497572	0.46090560312	0.0996221041294	0.328506011721	0.183322467854	0.166637573463	0.626688127169	0.539618351055	0.600522701965	0.179597427275	0.718662551515	0.718657799787	0.0873412865844	0.299244857847	0.849855130433	0.324349519249	0.419127822128	0.411274348632	0.351212569134	0.606401912367	0.979446611229	0.766314747595	0.641036619461	0.0199244689384	0.771612936252	0.525262575447	
0.737814699342	0.0590126355784	0.616246808795	0.122820637238	0.83377807193	0.0959521238454	0.12463232868	0.713925082445	0.533649459813	0.917363531709	0.443491184272	0.124734619052	0.476321383726	0.84752148875	0.447163790953	0.32778297486	0.820750794756	0.912826836861	0.629763596844	0.453219619707	0.826653955529	0.592683042755	0.262493089405	0.384084558001	0.321084444944	0.149650808906	0.679671193385	0.241352227648	0.309289958561	0.98375902906	0.154897291116	0.448981339653	
0.545923832762	0.443485018166	0.803840996644	0.35894731863	0.858580856565	0.08837511423	0.0347086654753	0.195097188452	0.403921371197	0.0855922832154	0.221790823829	0.167693140936	0.119486019201	0.968810069393	0.73952530147	0.621132960906	0.391232024555	0.153637596215	0.107272140082	0.571546955425	0.722731748133	0.744825712207	0.274233557102	0.399783788979	0.610600516953	0.988090210036	0.827632155593	0.179248874687	0.714076630872	0.250114492342	0.873742235573	0.0500391143555	
0.0909304036127	0.842421000228	0.963461027983	0.251440461561	0.9533954646	0.0675817494112	0.672847141351	0.958762095016	0.680156627884	0.903292170836	0.4572751519	0.276306460251	0.302752519764	0.237238514285	0.863578319429	0.923275714473	0.748634276589	0.771060911425	0.670387661989	0.654768739293	0.857289029466	0.175967044075	0.118902672057	0.181037984132	0.0263997049889	0.429568317729	0.838604888857	0.715238569756	0.404798389964	0.459231693093	0.860671127036	0.927270953142	
0.736167770021	0.0990783736443	0.714599656237	0.0781029455873	0.0903252492444	0.724097336133	0.671346368016	0.51951021762	0.535195361596	0.269357028963	0.936479362785	0.438162344008	0.921723410222	0.783403200293	0.350757262573	0.00411760099678	0.50810642176	0.28037080938	0.452653247796	0.315039588135	0.346906910232	0.979077294779	0.856219230355	0.84658270116	0.417851140336	0.929474276535	0.172885956239	0.166458471527	0.932524436691	0.872391157622	0.20465265605	0.664970257635	
0.771181101917	0.542166758604	0.286409749953	0.979896990203	0.530589054184	0.32876310395	0.183867825671	0.718869421497	0.146975403276	0.545562463295	0.98914081474	0.0735516528049	0.489741684664	0.607871843711	0.722859765196	0.957185976481	0.50936372258	0.664362487681	0.926765035274	0.901849041822	0.457802095418	0.934835007095	0.522551654934	0.452829095122	0.3662143131	0.207888147665	0.148959970009	0.514357648813	0.703105451659	0.338242392771	0.364442670565	0.0830754002641	
0.973130696736	0.463164462192	0.711224911848	0.0296858419816	0.242505765716	0.180733256809	0.64631234458	0.571933907989	0.703150966949	0.328161889591	0.189321562973	0.380676848181	0.688280566849	0.677842487982	0.466131605571	0.0300885106116	0.893057278584	0.281654529251	0.969510996129	0.36992918612	0.102093730057	0.243236183331	0.823024278751	0.851893477432	0.636408952397	0.442355621802	0.294574544447	0.18138394806	0.528399197299	0.171247142154	0.284355485693	0.535346497058	
0.389843342192	0.578439212749	0.549399437723	0.512497306564	0.783289850202	0.713829986457	0.947060205611	0.676210042812	0.81880590751	0.433939031147	0.0798784552715	0.937701269087	0.769606414034	0.161754510087	0.250456391151	0.590651888858	0.981842922845	0.410679542962	0.270058950201	0.559376202039	0.0317475083418	0.168037857489	0.681880010782	0.872870416412	0.692664197832	0.391590818964	0.848234008376	0.454534537571	0.368796277224	0.592821336039	0.422547168663	0.420242656249	
0.832630928638	0.0795614567014	0.934598762945	0.784865682464	0.363449827428	0.185177952303	0.96982012581	0.632571466165	0.506257471216	0.167119839441	0.544123372522	0.264634538444	0.426303093185	0.0436453097237	0.340426796067	0.0831236157311	0.366942880073	0.599154519252	0.871112837269	0.434959650836	0.982513403883	0.176715420635	0.867644957937	0.879465790348	0.850888368774	0.980861575009	0.514475083422	0.423068284812	0.209217567159	0.0827815543531	0.70314479604	0.813478023765	
0.872371636922	0.847799624319	0.178106734965	0.154960020196	0.30035362104	0.309433983199	0.535601338154	0.784024677822	0.868760497747	0.0169065700617	0.597179532976	0.743126827225	0.25430329264	0.61267910063	0.399943956713	0.491367835832	0.36782920459	0.450343330345	0.903568185858	0.359527996391	0.743143639098	0.177134539436	0.337483192786	0.718167020958	0.113562958823	0.866944060786	0.355272770287	0.973325737509	0.0211556141658	0.513798458507	0.121591237707	0.702712458283	
0.927123744901	0.176458796725	0.0399078023075	0.933268863706	0.233052768436	0.942705028904	0.165290493846	0.719491836471	0.789554337818	0.470899705898	0.999622934107	0.359324183124	0.4668768786	0.0319410645966	0.607011027446	0.216093936118	0.510222638902	0.32610118714	0.814001222418	0.204662999756	0.0510002533926	0.0691132326442	0.798621430336	0.217745003273	0.67425118373	0.574029445722	0.971354479393	0.0655948217316	0.809228296421	0.325678819259	0.49777073526	0.0992121747345	
